region,REC.ind.1995,REC.ind.1996,REC.ind.1997,REC.ind.1998,REC.ind.1999,REC.ind.2000,REC.ind.2001,REC.ind.2002,REC.ind.2003,REC.ind.2004,REC.ind.2005,REC.ind.2006,REC.ind.2007,REC.ind.2008,REC.ind.2009,REC.ind.2010,REC.ind.2011,REC.ind.2012,REC.ind.2013,REC.ind.2014,REC.ind.2015,REC.ind.2016,REC.ind.2017,REC.ind.2018,REC.ind.2019,REC.ind.2020,REC.ind.2021,REC.ind.2022
arg,8.61,8.63199999999999,8.654,8.67599999999999,8.69799999999999,8.72,8.74000000000001,8.76000000000001,8.78,8.8,8.81999999999999,8.89400000000001,8.968,9.042,9.116,9.19,9.22199999999999,9.25399999999999,9.286,9.318,9.35000000000001,9.398,9.446,9.494,9.542,9.59,9.59,9.59
aus,51.01,51.13,51.25,51.37,51.49,51.61,51.694,51.778,51.862,51.946,52.03,52.082,52.134,52.186,52.238,52.29,52.358,52.426,52.494,52.562,52.63,52.678,52.726,52.774,52.822,52.87,52.87,52.87
aut,35.52,35.56,35.6,35.64,35.68,35.72,35.734,35.748,35.762,35.776,35.79,35.802,35.814,35.826,35.838,35.85,35.868,35.886,35.904,35.922,35.94,35.952,35.964,35.976,35.988,36.0,36.0,36.0
bel,31.59,31.606,31.622,31.638,31.654,31.67,31.674,31.678,31.682,31.686,31.69,31.692,31.694,31.696,31.698,31.7,31.706,31.712,31.718,31.724,31.73,31.732,31.734,31.736,31.738,31.74,31.74,31.74
bgr,25.67,25.684,25.698,25.712,25.726,25.74,26.048,26.356,26.664,26.972,27.28,27.426,27.572,27.718,27.864,28.01,28.184,28.358,28.532,28.706,28.88,29.056,29.232,29.408,29.584,29.76,29.76,29.76
blt,31.136666666666667,31.384,31.631333333333334,31.878666666666664,32.126,32.373333333333335,32.666666666666664,32.96,33.25333333333333,33.54666666666667,33.839999999999996,33.87733333333333,33.91466666666667,33.952,33.989333333333335,34.026666666666664,34.126666666666665,34.22666666666667,34.32666666666667,34.42666666666667,34.526666666666664,34.63933333333333,34.752,34.864666666666665,34.977333333333334,35.089999999999996,35.089999999999996,35.089999999999996
bra,2.55,2.554,2.55800000000001,2.562,2.566,2.56999999999999,2.57599999999999,2.58199999999999,2.58800000000001,2.59399999999999,2.60000000000001,2.616,2.63200000000001,2.648,2.664,2.68000000000001,2.696,2.712,2.72799999999999,2.744,2.75999999999999,2.77199999999999,2.78399999999999,2.79599999999999,2.80799999999999,2.81999999999999,2.81999999999999,2.81999999999999
can,22.34,22.408,22.476,22.544,22.612,22.68,22.714,22.748,22.782,22.816,22.85,22.852,22.854,22.856,22.858,22.86,22.886,22.912,22.938,22.964,22.99,23.018,23.046,23.074,23.102,23.13,23.13,23.13
chl,0.859999999999999,0.864000000000004,0.867999999999995,0.872,0.876000000000005,0.88000000000001,0.884,0.888000000000005,0.89200000000001,0.896000000000001,0.900000000000006,0.902000000000001,0.904000000000011,0.905999999999992,0.908000000000001,0.909999999999997,0.915999999999997,0.921999999999997,0.927999999999997,0.933999999999997,0.939999999999998,0.944000000000003,0.948000000000008,0.951999999999998,0.956000000000003,0.960000000000008,0.960000000000008,0.960000000000008
chn,20.14,20.346,20.552,20.758,20.964,21.17,21.402,21.634,21.866,22.098,22.33,22.528,22.726,22.924,23.122,23.32,23.448,23.576,23.704,23.832,23.96,24.052,24.144,24.236,24.328,24.42,24.42,24.42
cor,63.29,63.496,63.702,63.908,64.114,64.32,64.502,64.684,64.866,65.048,65.23,65.362,65.494,65.626,65.758,65.89,66.022,66.154,66.286,66.418,66.55,66.66,66.77,66.88,66.99,67.1,67.1,67.1
cro,18.26,18.368,18.476,18.584,18.692,18.8,18.908,19.016,19.124,19.232,19.34,19.366,19.392,19.418,19.444,19.47,19.532,19.594,19.656,19.718,19.78,19.826,19.872,19.918,19.964,20.01,20.01,20.01
dnk,34.27,34.364,34.458,34.552,34.646,34.74,34.776,34.812,34.848,34.884,34.92,34.914,34.908,34.902,34.896,34.89,34.954,35.018,35.082,35.146,35.21,35.244,35.278,35.312,35.346,35.38,35.38,35.38
egy,18.54,18.832,19.124,19.416,19.708,20.0,20.174,20.348,20.522,20.696,20.87,21.248,21.626,22.004,22.382,22.76,23.132,23.504,23.876,24.248,24.62,25.006,25.392,25.778,26.164,26.55,26.55,26.55
esp,26.29,26.442,26.594,26.746,26.898,27.05,27.12,27.19,27.26,27.33,27.4,27.386,27.372,27.358,27.344,27.33,27.39,27.45,27.51,27.57,27.63,27.652,27.674,27.696,27.718,27.74,27.74,27.74
fin,34.49,34.588,34.686,34.784,34.882,34.98,35.022,35.064,35.106,35.148,35.19,35.198,35.206,35.214,35.222,35.23,35.252,35.274,35.296,35.318,35.34,35.36,35.38,35.4,35.42,35.44,35.44,35.44
fra,31.0,31.054,31.108,31.162,31.216,31.27,31.292,31.314,31.336,31.358,31.38,31.382,31.384,31.386,31.388,31.39,31.422,31.454,31.486,31.518,31.55,31.568,31.586,31.604,31.622,31.64,31.64,31.64
gbr,34.0,34.022,34.044,34.066,34.088,34.11,34.12,34.13,34.14,34.15,34.16,34.16,34.16,34.16,34.16,34.16,34.166,34.172,34.178,34.184,34.19,34.196,34.202,34.208,34.214,34.22,34.22,34.22
golf57,13.72888888888889,13.806,13.883111111111111,13.960222222222221,14.037333333333335,14.114444444444443,14.195333333333332,14.276222222222222,14.357111111111111,14.438,14.518888888888888,14.604666666666667,14.690444444444445,14.776222222222222,14.862000000000002,14.947777777777778,15.06977777777778,15.191777777777778,15.31377777777778,15.435777777777778,15.557777777777776,15.648,15.738222222222223,15.828444444444447,15.918666666666667,16.00888888888889,16.00888888888889,16.00888888888889
grc,21.29,21.364,21.438,21.512,21.586,21.66,21.746,21.832,21.918,22.004,22.09,22.106,22.122,22.138,22.154,22.17,22.194,22.218,22.242,22.266,22.29,22.322,22.354,22.386,22.418,22.45,22.45,22.45
hun,27.44,27.682,27.924,28.166,28.408,28.65,28.894,29.138,29.382,29.626,29.87,29.874,29.878,29.882,29.886,29.89,30.038,30.186,30.334,30.482,30.63,30.708,30.786,30.864,30.942,31.02,31.02,31.02
idn,13.21,13.19,13.17,13.15,13.13,13.11,13.194,13.278,13.362,13.446,13.53,13.632,13.734,13.836,13.938,14.04,14.152,14.264,14.376,14.488,14.6,14.714,14.828,14.942,15.056,15.17,15.17,15.17
irl,40.88,41.086,41.292,41.498,41.704,41.91,41.984,42.058,42.132,42.206,42.28,42.246,42.212,42.178,42.144,42.11,42.152,42.194,42.236,42.278,42.32,42.34,42.36,42.38,42.4,42.42,42.42,42.42
ita,39.34,39.404,39.468,39.532,39.596,39.66,39.672,39.684,39.696,39.708,39.72,39.684,39.648,39.612,39.576,39.54,39.568,39.596,39.624,39.652,39.68,39.714,39.748,39.782,39.816,39.85,39.85,39.85
jpn,11.55,11.548,11.546,11.544,11.542,11.54,11.536,11.532,11.528,11.524,11.52,11.52,11.52,11.52,11.52,11.52,11.514,11.508,11.502,11.496,11.49,11.486,11.482,11.478,11.474,11.47,11.47,11.47
meme,12.379999999999999,12.388000000000002,12.395999999999997,12.403999999999996,12.411999999999997,12.419999999999996,12.469600000000003,12.519200000000001,12.568800000000001,12.618400000000003,12.668,12.751199999999997,12.834400000000002,12.917599999999998,13.000799999999998,13.083999999999998,13.153199999999998,13.222400000000002,13.291599999999999,13.360800000000001,13.430000000000001,13.5256,13.621199999999996,13.716799999999997,13.8124,13.907999999999998,13.907999999999998,13.907999999999998
mex,8.94,8.992,9.044,9.096,9.148,9.2,9.218,9.236,9.25399999999999,9.27200000000001,9.28999999999999,9.294,9.298,9.30199999999999,9.306,9.31,9.348,9.38600000000001,9.42399999999999,9.462,9.5,9.52199999999999,9.544,9.566,9.58799999999999,9.61,9.61,9.61
mys,19.87,19.95,20.03,20.11,20.19,20.27,20.354,20.438,20.522,20.606,20.69,20.768,20.846,20.924,21.002,21.08,21.182,21.284,21.386,21.488,21.59,21.694,21.798,21.902,22.006,22.11,22.11,22.11
nde,10.98,11.17,11.36,11.55,11.74,11.93,12.21,12.49,12.77,13.05,13.33,13.668,14.006,14.344,14.682,15.02,15.342,15.664,15.986,16.308,16.63,16.862,17.094,17.326,17.558,17.79,17.79,17.79
nld,27.76,27.808,27.856,27.904,27.952,28.0,28.012,28.024,28.036,28.048,28.06,28.074,28.088,28.102,28.116,28.13,28.15,28.17,28.19,28.21,28.23,28.24,28.25,28.26,28.27,28.28,28.28,28.28
noan,14.096666666666666,14.173333333333332,14.25,14.326666666666666,14.403333333333334,14.479999999999999,14.581333333333335,14.68266666666667,14.783999999999999,14.885333333333334,14.986666666666666,15.080666666666666,15.174666666666667,15.268666666666666,15.362666666666668,15.456666666666665,15.74,16.023333333333333,16.30666666666667,16.59,16.87333333333333,17.00733333333333,17.141333333333332,17.275333333333332,17.409333333333333,17.543333333333333,17.543333333333333,17.543333333333333
noap,15.77,15.811,15.851999999999993,15.893,15.934000000000005,15.975000000000001,16.043,16.111,16.179000000000002,16.247,16.314999999999998,16.383000000000003,16.451,16.519000000000002,16.587,16.655,16.762,16.869,16.976,17.083,17.189999999999998,17.26,17.33,17.4,17.47,17.54,17.54,17.54
nor,34.97,35.008,35.046,35.084,35.122,35.16,35.176,35.192,35.208,35.224,35.24,35.242,35.244,35.246,35.248,35.25,35.26,35.27,35.28,35.29,35.3,35.308,35.316,35.324,35.332,35.34,35.34,35.34
oeu,22.649473684210523,22.768947368421053,22.88842105263158,23.007894736842104,23.12736842105263,23.24684210526316,23.288315789473685,23.32978947368421,23.371263157894738,23.41273684210526,23.45421052631579,23.49747368421053,23.540736842105265,23.584,23.62726315789474,23.670526315789473,23.72705263157895,23.78357894736842,23.840105263157895,23.896631578947368,23.953157894736844,23.97936842105263,24.00557894736842,24.031789473684213,24.058,24.08421052631579,24.08421052631579,24.08421052631579
osea,18.546363636363637,18.610181818181818,18.674,18.73781818181818,18.801636363636366,18.865454545454547,19.041636363636368,19.217818181818185,19.394,19.57018181818182,19.746363636363636,19.91581818181818,20.085272727272727,20.254727272727273,20.424181818181818,20.593636363636367,20.768727272727276,20.943818181818184,21.118909090909092,21.294,21.46909090909091,21.653636363636362,21.83818181818182,22.022727272727273,22.207272727272727,22.39181818181818,22.39181818181818,22.39181818181818
pol,32.2,32.562,32.924,33.286,33.648,34.01,34.216,34.422,34.628,34.834,35.04,35.312,35.584,35.856,36.128,36.4,36.616,36.832,37.048,37.264,37.48,37.636,37.792,37.948,38.104,38.26,38.26,38.26
prt,22.29,22.424,22.558,22.692,22.826,22.96,22.974,22.988,23.002,23.016,23.03,23.036,23.042,23.048,23.054,23.06,23.088,23.116,23.144,23.172,23.2,23.254,23.308,23.362,23.416,23.47,23.47,23.47
rcam,14.73,14.796275862068965,14.862551724137932,14.928827586206896,14.995103448275863,15.06137931034483,15.091862068965517,15.122344827586208,15.152827586206897,15.183310344827586,15.213793103448278,15.263655172413793,15.31351724137931,15.363379310344827,15.413241379310344,15.463103448275863,15.541379310344826,15.619655172413793,15.697931034482759,15.776206896551724,15.85448275862069,15.88703448275862,15.919586206896552,15.952137931034484,15.984689655172415,16.017241379310345,16.017241379310345,16.017241379310345
rcz,33.72,33.822,33.924,34.026,34.128,34.23,34.44,34.65,34.86,35.07,35.28,35.4,35.52,35.64,35.76,35.88,36.028,36.176,36.324,36.472,36.62,36.756,36.892,37.028,37.164,37.3,37.3,37.3
rfa,49.24,49.274,49.308,49.342,49.376,49.41,49.418,49.426,49.434,49.442,49.45,49.47,49.49,49.51,49.53,49.55,49.578,49.606,49.634,49.662,49.69,49.706,49.722,49.738,49.754,49.77,49.77,49.77
ris,13.065999999999997,13.2082,13.350399999999999,13.4926,13.634799999999998,13.777000000000001,14.097,14.416999999999998,14.736999999999998,15.056999999999999,15.376999999999999,15.6,15.822999999999999,16.046,16.269,16.491999999999997,16.6368,16.7816,16.926399999999997,17.0712,17.216,17.4274,17.6388,17.8502,18.0616,18.273000000000003,18.273000000000003,18.273000000000003
rjan57,22.47736842105263,22.460736842105263,22.444105263157894,22.427473684210526,22.410842105263157,22.39421052631579,22.405473684210527,22.416736842105262,22.428,22.439263157894736,22.450526315789475,22.487368421052633,22.524210526315787,22.561052631578946,22.597894736842107,22.634736842105262,22.78378947368421,22.93284210526316,23.081894736842106,23.230947368421056,23.38,23.41526315789474,23.450526315789475,23.485789473684207,23.52105263157895,23.556315789473683,23.556315789473683,23.556315789473683
rom,11.58,11.568,11.556,11.544,11.532,11.52,11.642,11.764,11.886,12.008,12.13,12.18,12.23,12.28,12.33,12.38,12.446,12.512,12.578,12.644,12.71,12.772,12.834,12.896,12.958,13.02,13.02,13.02
rsaf,11.608333333333334,11.686666666666667,11.765,11.843333333333334,11.921666666666667,12.0,12.081541666666666,12.163083333333335,12.244625000000001,12.326166666666667,12.407708333333332,12.496583333333334,12.585458333333333,12.674333333333331,12.763208333333333,12.852083333333333,12.981958333333333,13.111833333333331,13.241708333333333,13.371583333333334,13.501458333333334,13.695124999999999,13.888791666666668,14.082458333333333,14.276125,14.469791666666666,14.469791666666666,14.469791666666666
rsam,21.209,21.2006,21.1922,21.183799999999998,21.1754,21.167,21.2576,21.3482,21.4388,21.529400000000003,21.619999999999997,21.717599999999997,21.8152,21.912799999999997,22.0104,22.107999999999997,22.1982,22.288400000000003,22.3786,22.468799999999998,22.558999999999997,22.6824,22.805799999999998,22.9292,23.052599999999998,23.176,23.176,23.176
rsas,9.285714285714286,9.388285714285713,9.490857142857143,9.593428571428571,9.696000000000002,9.798571428571426,9.965999999999998,10.13342857142857,10.300857142857144,10.468285714285717,10.635714285714288,10.818571428571426,11.001428571428567,11.184285714285712,11.367142857142857,11.55,11.708285714285719,11.86657142857143,12.024857142857146,12.183142857142858,12.341428571428574,12.513142857142855,12.684857142857144,12.856571428571426,13.028285714285714,13.2,13.2,13.2
rsl,12.16,12.202,12.244,12.286,12.328,12.37,12.42,12.47,12.52,12.57,12.62,12.666,12.712,12.758,12.804,12.85,12.886,12.922,12.958,12.994,13.03,13.054,13.078,13.102,13.126,13.15,13.15,13.15
rus,3.29000000000001,3.32000000000001,3.34999999999999,3.38000000000001,3.41,3.44,3.56999999999999,3.7,3.83,3.95999999999999,4.09,4.16800000000001,4.24600000000001,4.324,4.402,4.47999999999999,4.55200000000001,4.624,4.696,4.768,4.84,4.928,5.01599999999999,5.104,5.19199999999999,5.28,5.28,5.28
slo,22.62,22.774,22.928,23.082,23.236,23.39,23.51,23.63,23.75,23.87,23.99,24.034,24.078,24.122,24.166,24.21,24.286,24.362,24.438,24.514,24.59,24.634,24.678,24.722,24.766,24.81,24.81,24.81
sui,29.67,29.692,29.714,29.736,29.758,29.78,29.788,29.796,29.804,29.812,29.82,29.836,29.852,29.868,29.884,29.9,29.916,29.932,29.948,29.964,29.98,29.996,30.012,30.028,30.044,30.06,30.06,30.06
swe,38.95,39.006,39.062,39.118,39.174,39.23,39.266,39.302,39.338,39.374,39.41,39.42,39.43,39.44,39.45,39.46,39.492,39.524,39.556,39.588,39.62,39.632,39.644,39.656,39.668,39.68,39.68,39.68
tha,33.15,33.072,32.994,32.916,32.838,32.76,33.19,33.62,34.05,34.48,34.91,35.19,35.47,35.75,36.03,36.31,36.634,36.958,37.282,37.606,37.93,38.344,38.758,39.172,39.586,40.0,40.0,40.0
tur,28.97,29.092,29.214,29.336,29.458,29.58,29.722,29.864,30.006,30.148,30.29,30.364,30.438,30.512,30.586,30.66,30.764,30.868,30.972,31.076,31.18,31.336,31.492,31.648,31.804,31.96,31.96,31.96
ukr,3.86999999999999,3.86199999999999,3.854,3.846,3.83799999999999,3.83,3.902,3.974,4.04600000000001,4.11799999999999,4.19,4.2,4.21000000000001,4.22,4.23,4.23999999999999,4.264,4.288,4.31200000000001,4.336,4.36,4.392,4.42399999999999,4.456,4.488,4.52,4.52,4.52
usa,13.57,13.606,13.642,13.678,13.714,13.75,13.76,13.77,13.78,13.79,13.8,13.9,14.0,14.1,14.2,14.3,14.358,14.416,14.474,14.532,14.59,14.64,14.69,14.74,14.79,14.84,14.84,14.84
vnm,31.26,31.88,32.5,33.12,33.74,34.36,35.05,35.74,36.43,37.12,37.81,38.39,38.97,39.55,40.13,40.71,41.252,41.794,42.336,42.878,43.42,43.944,44.468,44.992,45.516,46.04,46.04,46.04
zaf,25.97,26.012,26.054,26.096,26.138,26.18,26.292,26.404,26.516,26.628,26.74,26.816,26.892,26.968,27.044,27.12,27.22,27.32,27.42,27.52,27.62,27.746,27.872,27.998,28.124,28.25,28.25,28.25
